00001.png 15 352 421 409 570
00001.png 15 47 326 75 361
00001.png 15 55 357 89 461
00001.png 15 110 419 164 564
00001.png 15 85 328 117 404
00001.png 15 59 292 77 333
00001.png 15 157 292 189 341
00001.png 15 196 328 230 429
00011.png 15 357 422 405 571
00011.png 15 35 433 101 568
00011.png 15 238 516 303 570
00011.png 15 56 351 90 449
00011.png 15 79 352 116 442
00011.png 15 109 336 137 410
00011.png 15 206 337 241 424
00011.png 15 141 306 158 375
00011.png 15 44 304 74 333
00011.png 15 73 294 89 326
00017.png 15 9 431 60 569
00017.png 15 352 421 408 565
00017.png 15 257 502 319 570
00017.png 15 179 422 253 527
00017.png 15 671 420 689 540
00017.png 15 198 333 227 380
00017.png 15 170 347 201 390
00017.png 15 126 334 159 430
00017.png 15 61 349 87 458
00017.png 15 88 323 117 350
00017.png 15 90 352 123 425
00017.png 15 49 326 79 352
00017.png 15 55 306 78 323
00017.png 15 76 294 91 321
00028.png 15 353 422 405 570
00028.png 15 290 485 351 576
00028.png 15 7 449 64 570
00028.png 15 166 366 207 420
00028.png 15 154 337 197 380
00028.png 15 93 325 127 354
00028.png 15 97 358 133 412
00028.png 15 60 352 96 461
00028.png 15 58 306 84 337
00028.png 15 59 329 73 355
00028.png 15 201 345 233 419
00058.png 15 359 423 406 566
00058.png 15 302 454 353 566
00058.png 15 186 423 246 546
00058.png 15 46 462 88 567
00058.png 15 21 504 48 573
00058.png 15 1 452 47 516
00058.png 15 153 375 188 484
00058.png 15 193 376 238 438
00058.png 15 193 338 224 386
00058.png 15 100 344 122 418
00058.png 15 65 348 100 454
00058.png 15 62 314 93 337
00058.png 15 114 306 135 330
00058.png 15 93 311 111 341
00058.png 15 73 330 94 354
00078.png 15 87 442 142 571
00078.png 15 20 502 49 573
00078.png 15 183 453 221 564
00078.png 15 225 505 277 576
00078.png 15 277 429 338 567
00078.png 15 352 423 409 570
00078.png 15 465 474 530 567
00078.png 15 493 508 523 558
00078.png 15 233 367 269 489
00078.png 15 237 379 257 420
00078.png 15 191 407 229 460
00078.png 15 156 396 189 508
00078.png 15 76 348 108 445
00078.png 15 125 327 154 374
00078.png 15 76 315 103 354
00078.png 15 104 317 125 391
00078.png 15 126 325 157 374
00078.png 15 162 301 185 375
00098.png 15 129 489 186 574
00098.png 15 205 480 249 571
00098.png 15 43 491 81 568
00098.png 15 2 447 37 570
00098.png 15 351 423 409 566
00098.png 15 455 447 511 568
00098.png 15 608 429 639 567
00098.png 15 301 414 346 550
00098.png 15 253 412 293 544
00098.png 15 223 378 259 478
00098.png 15 173 430 221 539
00098.png 15 160 376 201 442
00098.png 15 79 346 107 446
00098.png 15 107 345 132 414
00098.png 15 145 334 179 379
00098.png 15 168 300 195 349
00098.png 15 93 321 113 350
00098.png 15 125 322 144 374
00148.png 15 506 446 573 567
00148.png 15 329 413 385 562
00148.png 15 282 401 316 523
00148.png 15 262 354 289 436
00148.png 15 4 441 44 564
00148.png 15 89 482 125 559
00148.png 15 118 440 155 566
00148.png 15 170 465 225 571
00148.png 15 203 454 237 505
00148.png 15 97 346 119 446
00148.png 15 129 342 157 395
00148.png 15 158 365 186 434
00148.png 15 114 325 137 386
00148.png 15 188 302 221 347
00148.png 15 158 324 181 362
00148.png 15 228 340 256 436
00148.png 15 137 316 156 339
00148.png 15 114 439 156 562
00148.png 15 130 422 159 470
00233.png 15 599 426 651 564
00233.png 15 519 426 570 568
00233.png 15 446 445 501 573
00233.png 15 335 472 390 569
00233.png 15 245 393 307 463
00233.png 15 2 446 36 569
00233.png 15 37 475 98 570
00233.png 15 42 442 82 494
00233.png 15 76 430 116 502
00233.png 15 117 449 168 567
00233.png 15 169 422 215 501
00233.png 15 183 375 213 438
00233.png 15 115 341 148 438
00233.png 15 170 348 209 392
00233.png 15 247 325 284 385
00233.png 15 259 370 275 399
00233.png 15 219 357 245 419
00233.png 15 167 346 205 384
00233.png 15 40 485 94 564
00233.png 15 273 523 332 573
00258.png 15 433 414 473 544
00258.png 15 661 392 695 524
00258.png 15 352 417 386 521
00258.png 15 339 454 373 538
00258.png 15 306 429 345 525
00258.png 15 3 472 57 570
00258.png 15 57 459 105 571
00258.png 15 178 494 237 558
00258.png 15 182 532 245 571
00258.png 15 70 442 117 501
00258.png 15 115 476 161 572
00258.png 15 209 268 250 346
00258.png 15 270 302 305 376
00258.png 15 184 336 214 426
00258.png 15 309 526 370 573
00295.png 15 567 380 611 502
00295.png 15 343 467 405 568
00295.png 15 437 413 476 553
00295.png 15 376 387 417 507
00295.png 15 264 357 315 440
00295.png 15 148 342 192 458
00295.png 15 241 254 270 327
00295.png 15 277 290 291 326
00295.png 15 278 308 300 367
00295.png 15 107 478 156 572
00295.png 15 64 454 107 566
00295.png 15 26 453 63 503
00295.png 15 4 476 53 570
00295.png 15 246 255 269 324
00304.png 15 515 379 557 502
00304.png 15 440 415 474 558
00304.png 15 351 374 400 496
00304.png 15 266 341 313 432
00304.png 15 249 396 292 456
00304.png 15 148 342 194 444
00304.png 15 112 478 161 572
00304.png 15 5 475 45 566
00304.png 15 34 454 74 516
00304.png 15 74 447 113 563
00304.png 15 315 496 378 568
00304.png 15 335 457 385 539
00304.png 15 317 444 345 486
00304.png 15 281 292 301 323
00304.png 15 281 318 317 358
00304.png 15 238 257 269 333
00319.png 15 508 382 549 495
00319.png 15 435 414 478 551
00319.png 15 322 473 385 564
00319.png 15 277 444 325 558
00319.png 15 273 427 297 514
00319.png 15 228 366 273 478
00319.png 15 152 340 177 450
00319.png 15 261 327 298 423
00319.png 15 278 287 304 338
00319.png 15 256 256 278 326
00319.png 15 345 341 385 454
00319.png 15 5 481 45 567
00319.png 15 24 444 67 533
00319.png 15 81 442 118 515
00324.png 15 524 381 561 490
00324.png 15 338 335 379 443
00324.png 15 433 415 475 554
00324.png 15 321 466 368 543
00324.png 15 365 510 425 578
00324.png 15 266 441 313 569
00324.png 15 80 443 114 527
00324.png 15 23 433 62 507
00324.png 15 63 493 88 556
00324.png 15 115 478 157 574
00324.png 15 5 477 44 567
00324.png 15 221 361 263 473
00324.png 15 151 339 174 422
00324.png 15 263 322 300 432
00324.png 15 258 258 284 326
00324.png 15 279 294 308 338
00339.png 15 345 283 380 335
00339.png 15 259 259 277 324
00339.png 15 150 339 183 443
00339.png 15 228 342 266 422
00339.png 15 309 326 339 418
00339.png 15 261 314 290 421
00339.png 15 285 305 308 366
00339.png 15 562 379 599 503
00339.png 15 414 417 466 560
00339.png 15 348 483 413 570
00339.png 15 288 450 343 571
00339.png 15 227 425 286 563
00339.png 15 85 444 125 510
00339.png 15 25 426 66 484
00368.png 15 609 384 660 468
00368.png 15 408 422 453 559
00368.png 15 284 458 319 572
00368.png 15 272 414 325 470
00368.png 15 246 385 282 446
00368.png 15 16 425 61 482
00368.png 15 153 340 178 447
00368.png 15 211 318 237 412
00368.png 15 245 305 273 378
00368.png 15 260 252 286 308
00368.png 15 290 292 313 321
00368.png 15 279 312 297 407
00368.png 15 4 482 49 566
00382.png 15 157 338 203 450
00382.png 15 415 420 455 562
00382.png 15 621 385 659 506
00382.png 15 280 392 318 466
00382.png 15 268 440 306 557
00382.png 15 5 478 53 571
00382.png 15 15 426 57 490
00382.png 15 53 449 100 574
00382.png 15 101 446 137 495
00382.png 15 153 495 214 574
00382.png 15 213 307 244 394
00382.png 15 252 310 281 362
00382.png 15 240 355 269 451
00382.png 15 266 358 299 414
00382.png 15 305 298 336 359
00382.png 15 277 290 300 341
00382.png 15 263 254 291 299
00382.png 15 269 357 300 412
00399.png 15 622 382 666 508
00399.png 15 409 421 451 560
00399.png 15 213 465 263 558
00399.png 15 114 438 153 568
00399.png 15 69 439 110 566
00399.png 15 46 420 74 545
00399.png 15 160 336 186 446
00399.png 15 281 365 310 486
00399.png 15 250 332 275 408
00399.png 15 246 307 276 340
00399.png 15 280 343 309 391
00399.png 15 325 283 349 365
00399.png 15 294 301 330 364
00399.png 15 273 251 302 319
00399.png 15 370 277 398 337
00465.png 15 632 379 678 487
00465.png 15 41 433 98 572
00465.png 15 115 410 159 454
00465.png 15 111 464 174 574
00465.png 15 156 338 182 398
00465.png 15 182 337 218 426
00465.png 15 262 338 306 430
00465.png 15 318 299 344 372
00465.png 15 280 254 302 309
00465.png 15 259 281 283 310
00465.png 15 226 320 262 420
00465.png 15 574 144 589 173
00465.png 15 406 422 452 562
00480.png 15 318 418 387 551
00480.png 15 173 455 222 577
00480.png 15 49 431 95 570
00480.png 15 106 412 154 450
00480.png 15 121 458 163 568
00480.png 15 154 339 182 395
00480.png 15 190 332 224 419
00480.png 15 227 314 258 413
00480.png 15 274 328 312 409
00480.png 15 318 300 345 363
00480.png 15 590 386 658 505
00480.png 15 263 280 287 306
00528.png 15 252 441 324 570
00528.png 15 185 430 232 524
00528.png 15 144 463 201 570
00528.png 15 82 410 138 565
00528.png 15 8 424 59 571
00528.png 15 174 334 204 404
00528.png 15 152 342 178 398
00528.png 15 232 310 262 406
00528.png 15 331 300 354 384
00528.png 15 303 292 328 359
00528.png 15 275 253 305 306
00573.png 15 154 342 177 390
00573.png 15 174 330 201 403
00573.png 15 246 406 305 500
00573.png 15 16 428 60 567
00573.png 15 69 414 109 567
00573.png 15 120 467 158 554
00573.png 15 160 467 196 567
00573.png 15 282 258 303 294
00573.png 15 324 304 356 356
00573.png 15 218 310 251 402
00627.png 15 63 468 128 571
00627.png 15 180 467 232 573
00627.png 15 66 423 118 474
00627.png 15 159 346 180 402
00627.png 15 171 332 198 406
00627.png 15 250 328 286 424
00627.png 15 297 318 316 372
00627.png 15 319 302 355 356
00627.png 15 279 254 306 293
00627.png 15 230 313 259 356
00657.png 15 46 450 113 570
00657.png 15 192 498 242 573
00657.png 15 299 478 354 573
00657.png 15 382 497 450 569
00657.png 15 154 347 194 410
00657.png 15 184 334 203 398
00657.png 15 242 339 277 437
00657.png 15 322 301 345 395
00657.png 15 273 255 301 290
00667.png 15 157 343 184 403
00667.png 15 181 328 205 403
00667.png 15 28 443 93 574
00667.png 15 249 495 292 573
00667.png 15 325 483 373 573
00667.png 15 385 499 451 575
00667.png 15 226 350 267 445
00667.png 15 321 299 351 345
00667.png 15 225 270 264 333
00709.png 15 154 345 182 409
00709.png 15 170 332 190 389
00709.png 15 346 502 406 572
00709.png 15 332 489 364 528
00709.png 15 235 337 282 395
00709.png 15 290 294 314 366
00709.png 15 326 303 354 351
00735.png 15 58 420 107 565
00735.png 15 153 348 182 397
00735.png 15 344 499 404 573
00735.png 15 235 315 274 408
00735.png 15 202 294 226 351
00735.png 15 290 293 317 348
00735.png 15 324 301 343 332
00735.png 15 305 322 339 376
00788.png 15 479 446 538 568
00788.png 15 408 485 472 578
00788.png 15 348 492 404 575
00788.png 15 303 481 346 575
00788.png 15 12 465 79 570
00788.png 15 146 350 176 418
00788.png 15 148 337 181 390
00788.png 15 228 315 264 415
00788.png 15 278 297 301 356
00788.png 15 297 321 325 382
00788.png 15 314 296 335 336
00788.png 15 190 296 212 365
00866.png 15 495 444 549 563
00866.png 15 403 472 470 573
00866.png 15 312 480 394 571
00866.png 15 138 347 172 396
00866.png 15 135 326 167 363
00866.png 15 213 307 255 391
00866.png 15 256 284 280 359
00866.png 15 289 297 319 399
00866.png 15 330 278 357 327
00866.png 15 229 254 255 298
00922.png 15 244 293 278 391
00922.png 15 143 318 170 359
00922.png 15 169 274 198 337
00922.png 15 198 286 229 366
00922.png 15 24 482 71 572
00922.png 15 3 469 28 545
00922.png 15 259 497 310 576
00922.png 15 304 521 370 569
00922.png 15 502 440 551 572
00922.png 15 321 265 345 315
00922.png 15 281 292 299 350
00922.png 15 229 238 255 278
00937.png 15 47 429 102 563
00937.png 15 266 505 302 577
00937.png 15 306 520 360 573
00937.png 15 498 441 556 571
00937.png 15 142 304 168 363
00937.png 15 174 272 198 329
00937.png 15 206 277 236 361
00937.png 15 242 287 273 382
00937.png 15 276 280 294 333
00937.png 15 322 261 342 303
00937.png 15 241 238 261 284
00969.png 15 127 428 190 571
00969.png 15 259 513 315 574
00969.png 15 265 517 290 572
00969.png 15 318 518 361 572
00969.png 15 534 445 578 570
00969.png 15 620 475 674 573
00969.png 15 142 285 166 331
00969.png 15 164 288 184 375
00969.png 15 182 259 202 301
00969.png 15 207 268 232 347
00969.png 15 237 281 258 360
00969.png 15 245 229 266 265
