00001
00011
00017
00028
00058
00078
00098
00148
00233
00258
00295
00304
00319
00324
00339
00368
00382
00399
00465
00480
00528
00627
00657
00709
00735
00788
00866
00922
00937
00969
00001
00011
00017
00028
00058
00078
00098
00148
00295
00304
00319
00339
00382
00399
00465
00480
00528
00573
00627
00657
00667
00788
00866
00922
00937
00969
00980
00981
00982
00995
01006
01011
01023
01033
01034
01035
01037
01040
01041
01042
01043
01044
01045
01046
01048
01053
01054
01055
01064
01067
01070
01074
01076
01081
01082
01083
01084
01085
01086
01087
01142
01144
01145
01146
01147
01148
01149
01155
01157
01178
01593
01611
01631
01636
01655
01658
01759
01769
01809
01850
01902
01929
01963
02057
02069
02073
02074
02076
02085
02086
02089
02097
02161
02162
02172
02174
02175
02183
02186
02189
02190
02198
02203
02441
02643
02683
02832
