00980.png 15 171 101 206 180
00980.png 15 246 141 284 228
00980.png 15 229 134 254 198
00980.png 15 309 177 351 285
00980.png 15 438 178 470 275
00980.png 15 421 152 446 218
00981.png 15 333 189 373 302
00981.png 15 397 235 424 297
00981.png 15 609 245 652 373
00981.png 15 272 164 314 276
00981.png 15 193 171 229 273
00981.png 15 146 138 167 184
00981.png 15 116 127 144 204
00981.png 15 34 139 64 218
00982.png 15 358 186 393 260
00982.png 15 236 166 280 272
00982.png 15 116 129 147 222
00982.png 15 142 138 170 186
00982.png 15 6 164 37 249
00982.png 15 38 122 70 200
00995.png 15 330 126 368 229
00995.png 15 270 91 306 192
00995.png 15 242 107 267 174
00995.png 15 222 101 244 164
00995.png 15 194 94 218 152
00995.png 15 153 110 182 174
01006.png 15 622 239 669 374
01006.png 15 352 146 391 250
01006.png 15 242 110 267 189
01006.png 15 215 135 238 192
01006.png 15 157 107 187 161
01006.png 15 196 88 219 155
01011.png 15 570 291 610 379
01011.png 15 431 190 472 301
01011.png 15 367 191 405 302
01011.png 15 105 126 161 210
01011.png 15 133 143 156 202
01023.png 15 401 219 433 302
01023.png 15 370 202 395 261
01023.png 15 348 189 370 251
01023.png 15 314 178 343 233
01033.png 15 584 316 622 410
01033.png 15 562 228 586 302
01034.png 15 665 250 691 329
01034.png 15 569 355 614 455
01034.png 15 553 211 575 297
01035.png 15 601 381 634 490
01035.png 15 560 290 592 382
01035.png 15 570 271 602 334
01035.png 15 490 246 518 324
01035.png 15 518 247 552 321
01037.png 15 505 282 532 364
01037.png 15 531 314 552 361
01037.png 15 394 258 429 338
01037.png 15 276 214 302 286
01037.png 15 379 203 396 270
01037.png 15 356 206 379 258
01040.png 15 32 406 68 479
01040.png 15 222 356 242 432
01040.png 15 383 341 407 402
01041.png 15 111 374 136 457
01041.png 15 480 367 503 426
01041.png 15 550 354 577 420
01042.png 15 29 414 69 510
01042.png 15 532 366 557 436
01042.png 15 640 391 668 441
01043.png 15 603 373 630 441
01043.png 15 656 398 686 447
01044.png 15 522 226 555 307
01044.png 15 382 220 412 286
01044.png 15 474 193 499 253
01045.png 15 613 366 676 474
01045.png 15 522 229 558 307
01045.png 15 474 194 502 250
01045.png 15 387 221 412 288
01046.png 15 512 322 559 421
01046.png 15 600 359 632 460
01046.png 15 522 230 558 305
01046.png 15 391 222 413 287
01046.png 15 478 193 504 248
01047.png 15 486 295 528 383
01047.png 15 454 260 488 342
01047.png 15 523 233 569 301
01047.png 15 478 195 508 250
01047.png 15 386 222 409 287
01048.png 15 480 265 518 346
01048.png 15 437 255 473 333
01048.png 15 475 196 508 250
01048.png 15 376 220 396 269
01053.png 15 593 377 640 482
01053.png 15 568 339 598 437
01053.png 15 554 313 582 358
01053.png 15 570 259 596 318
01053.png 15 437 250 473 322
01054.png 15 523 230 544 302
01054.png 15 489 234 512 285
01054.png 15 470 233 486 309
01054.png 15 516 206 540 243
01055.png 15 410 345 434 403
01055.png 15 240 325 262 373
01064.png 15 482 406 520 507
01064.png 15 252 342 282 402
01064.png 15 278 313 300 364
01064.png 15 383 359 410 406
01067.png 15 296 213 318 278
01067.png 15 254 204 286 266
01067.png 15 224 202 251 254
01070.png 15 286 282 323 368
01070.png 15 222 268 261 336
01070.png 15 189 257 218 325
01074.png 15 244 332 296 431
01076.png 15 474 453 531 569
01081.png 15 499 472 535 574
01081.png 15 241 326 282 399
01082.png 15 314 409 358 522
01082.png 15 198 340 251 426
01082.png 15 572 438 618 570
01083.png 15 525 440 569 566
01083.png 15 357 397 402 514
01083.png 15 306 362 333 452
01083.png 15 294 357 312 406
01083.png 15 219 328 272 409
01084.png 15 350 398 390 506
01084.png 15 335 344 366 438
01084.png 15 320 336 343 409
01084.png 15 306 342 325 392
01084.png 15 225 318 279 402
01085.png 15 242 313 289 400
01085.png 15 296 354 334 452
01085.png 15 361 319 385 410
01085.png 15 346 315 366 390
01086.png 15 370 312 401 406
01086.png 15 357 313 374 391
01086.png 15 329 339 354 390
01086.png 15 261 316 303 395
01086.png 15 231 331 263 416
01087.png 15 262 306 310 392
01087.png 15 309 297 337 388
01087.png 15 336 338 363 386
01087.png 15 364 315 389 392
01142.png 15 414 258 452 314
01144.png 15 182 256 219 375
01145.png 15 199 251 228 362
01145.png 15 241 246 274 346
01146.png 15 356 344 398 442
01147.png 15 297 336 342 457
01147.png 15 340 378 359 441
01147.png 15 25 259 59 354
01147.png 15 63 266 85 311
01148.png 15 486 180 530 253
01148.png 15 558 177 586 237
01148.png 15 589 157 616 196
01149.png 15 432 192 474 277
01149.png 15 490 194 526 266
01149.png 15 532 168 562 214
01155.png 15 194 406 250 511
01155.png 15 310 217 352 302
01155.png 15 349 210 387 294
01156.png 15 346 214 374 301
01156.png 15 299 223 350 314
01157.png 15 304 234 346 316
01158.png 15 239 340 291 467
01178.png 15 98 138 123 193
01178.png 15 65 145 94 206
01178.png 15 31 143 58 202
01554.png 15 565 434 589 478
01554.png 15 537 426 560 474
01585.png 15 642 302 682 407
01585.png 15 602 277 634 365
01585.png 15 593 226 617 290
01587.png 15 590 294 630 381
01587.png 15 654 319 686 424
01587.png 15 578 228 610 296
01593.png 15 542 219 571 299
01593.png 15 642 243 678 327
01593.png 15 572 362 612 470
01611.png 15 609 378 647 489
01611.png 15 550 286 582 372
01611.png 15 565 266 593 326
01611.png 15 490 247 518 325
01611.png 15 512 244 544 322
01631.png 15 526 278 555 365
01631.png 15 547 269 578 351
01631.png 15 447 202 478 265
01631.png 15 382 218 410 278
01631.png 15 429 269 454 339
01636.png 15 512 252 542 339
01636.png 15 478 262 513 343
01636.png 15 422 257 454 346
01636.png 15 444 198 465 265
01655.png 15 538 305 574 407
01655.png 15 387 263 432 344
01655.png 15 386 204 411 271
01655.png 15 356 205 386 266
01655.png 15 282 211 313 280
01658.png 15 506 281 535 364
01658.png 15 378 205 398 271
01658.png 15 353 203 375 258
01658.png 15 276 213 303 274
01658.png 15 390 260 424 343
01707.png 15 561 317 598 411
01707.png 15 464 287 498 377
01707.png 15 397 237 429 315
01707.png 15 278 212 302 283
01707.png 15 226 223 253 274
01707.png 15 186 231 218 285
01759.png 15 86 394 126 462
01759.png 15 289 357 315 431
01759.png 15 337 344 366 411
01769.png 15 193 360 222 432
01769.png 15 387 370 417 430
01769.png 15 490 352 511 412
01809.png 15 528 374 551 446
01809.png 15 666 406 692 462
01850.png 15 409 432 473 570
01850.png 15 348 401 417 571
01902.png 15 620 361 661 465
01902.png 15 529 333 568 434
01902.png 15 526 231 563 306
01902.png 15 476 193 506 250
01902.png 15 390 219 417 288
01929.png 15 566 346 598 446
01929.png 15 498 302 533 394
01929.png 15 526 231 562 304
01929.png 15 388 219 418 282
01963.png 15 505 309 538 402
01963.png 15 472 268 505 358
01963.png 15 389 221 416 284
01963.png 15 524 234 566 306
02057.png 15 557 370 592 438
02057.png 15 296 306 324 358
02069.png 15 437 348 474 431
02069.png 15 401 326 430 410
02069.png 15 366 267 388 334
02073.png 15 601 434 638 541
02073.png 15 490 430 554 537
02073.png 15 446 412 477 475
02073.png 15 329 347 370 429
02073.png 15 292 335 328 416
02074.png 15 351 380 386 461
02074.png 15 383 365 417 443
02074.png 15 330 357 356 431
02076.png 15 418 395 460 496
02076.png 15 467 434 499 506
02084.png 15 466 370 494 450
02085.png 15 448 373 478 458
02086.png 15 450 346 481 425
02087.png 15 392 283 415 352
02089.png 15 178 216 198 259
02089.png 15 151 203 174 257
02095.png 15 295 238 318 290
02097.png 15 440 250 466 305
02161.png 15 396 438 437 542
02161.png 15 238 382 273 474
02161.png 15 261 334 298 382
02162.png 15 457 481 514 572
02162.png 15 246 336 292 421
02172.png 15 236 341 287 429
02173.png 15 214 333 269 416
02174.png 15 156 322 194 406
02175.png 15 132 322 166 393
02183.png 15 188 323 222 397
02186.png 15 213 321 250 402
02189.png 15 249 320 281 399
02190.png 15 240 322 279 400
02190.png 15 497 473 535 570
02198.png 15 486 423 527 560
02198.png 15 297 385 331 485
02198.png 15 202 338 257 436
02198.png 15 654 454 694 570
02203.png 15 422 434 468 550
02203.png 15 340 358 378 474
02203.png 15 318 341 344 427
02203.png 15 294 342 315 398
02203.png 15 226 317 278 408
02213.png 15 368 314 391 406
02213.png 15 347 315 370 390
02213.png 15 319 344 344 390
02213.png 15 283 346 320 442
02213.png 15 241 314 286 393
02214.png 15 4 437 57 575
02214.png 15 251 313 287 395
02214.png 15 284 344 318 444
02214.png 15 319 341 343 394
02214.png 15 345 314 368 394
02214.png 15 368 318 395 406
02441.png 15 216 309 253 399
02441.png 15 149 313 190 378
02441.png 15 98 306 136 383
02643.png 15 523 382 573 482
02643.png 15 597 360 642 446
02643.png 15 315 272 348 345
02665.png 15 542 346 595 431
02683.png 15 357 269 396 340
02731.png 15 625 349 673 446
02832.png 15 277 224 320 322
02832.png 15 604 350 653 486
02832.png 15 180 224 225 294
02832.png 15 136 246 181 321
02832.png 15 14 243 50 300
