00001.png 15 352 421 409 570
00001.png 15 47 326 75 361
00001.png 15 55 357 89 461
00001.png 15 110 419 164 564
00001.png 15 85 328 117 404
00001.png 15 59 292 77 333
00001.png 15 157 292 189 341
00001.png 15 196 328 230 429
00011.png 15 357 422 405 571
00011.png 15 35 433 101 568
00011.png 15 238 516 303 570
00011.png 15 56 351 90 449
00011.png 15 79 352 116 442
00011.png 15 109 336 137 410
00011.png 15 206 337 241 424
00011.png 15 141 306 158 375
00011.png 15 44 304 74 333
00011.png 15 73 294 89 326
00017.png 15 9 431 60 569
00017.png 15 352 421 408 565
00017.png 15 257 502 319 570
00017.png 15 179 422 253 527
00017.png 15 671 420 689 540
00017.png 15 198 333 227 380
00017.png 15 170 347 201 390
00017.png 15 126 334 159 430
00017.png 15 61 349 87 458
00017.png 15 88 323 117 350
00017.png 15 90 352 123 425
00017.png 15 49 326 79 352
00017.png 15 55 306 78 323
00017.png 15 76 294 91 321
00028.png 15 353 422 405 570
00028.png 15 290 485 351 576
00028.png 15 7 449 64 570
00028.png 15 166 366 207 420
00028.png 15 154 337 197 380
00028.png 15 93 325 127 354
00028.png 15 97 358 133 412
00028.png 15 60 352 96 461
00028.png 15 58 306 84 337
00028.png 15 59 329 73 355
00028.png 15 201 345 233 419
00058.png 15 359 423 406 566
00058.png 15 302 454 353 566
00058.png 15 186 423 246 546
00058.png 15 46 462 88 567
00058.png 15 21 504 48 573
00058.png 15 1 452 47 516
00058.png 15 153 375 188 484
00058.png 15 193 376 238 438
00058.png 15 193 338 224 386
00058.png 15 100 344 122 418
00058.png 15 65 348 100 454
00058.png 15 62 314 93 337
00058.png 15 114 306 135 330
00058.png 15 93 311 111 341
00058.png 15 73 330 94 354
00078.png 15 87 442 142 571
00078.png 15 20 502 49 573
00078.png 15 183 453 221 564
00078.png 15 225 505 277 576
00078.png 15 277 429 338 567
00078.png 15 352 423 409 570
00078.png 15 465 474 530 567
00078.png 15 493 508 523 558
00078.png 15 233 367 269 489
00078.png 15 237 379 257 420
00078.png 15 191 407 229 460
00078.png 15 156 396 189 508
00078.png 15 76 348 108 445
00078.png 15 125 327 154 374
00078.png 15 76 315 103 354
00078.png 15 104 317 125 391
00078.png 15 126 325 157 374
00078.png 15 162 301 185 375
00098.png 15 129 489 186 574
00098.png 15 205 480 249 571
00098.png 15 43 491 81 568
00098.png 15 2 447 37 570
00098.png 15 351 423 409 566
00098.png 15 455 447 511 568
00098.png 15 608 429 639 567
00098.png 15 301 414 346 550
00098.png 15 253 412 293 544
00098.png 15 223 378 259 478
00098.png 15 173 430 221 539
00098.png 15 160 376 201 442
00098.png 15 79 346 107 446
00098.png 15 107 345 132 414
00098.png 15 145 334 179 379
00098.png 15 168 300 195 349
00098.png 15 93 321 113 350
00098.png 15 125 322 144 374
00148.png 15 506 446 573 567
00148.png 15 329 413 385 562
00148.png 15 282 401 316 523
00148.png 15 262 354 289 436
00148.png 15 4 441 44 564
00148.png 15 89 482 125 559
00148.png 15 118 440 155 566
00148.png 15 170 465 225 571
00148.png 15 203 454 237 505
00148.png 15 97 346 119 446
00148.png 15 129 342 157 395
00148.png 15 158 365 186 434
00148.png 15 114 325 137 386
00148.png 15 188 302 221 347
00148.png 15 158 324 181 362
00148.png 15 228 340 256 436
00148.png 15 137 316 156 339
00148.png 15 114 439 156 562
00148.png 15 130 422 159 470
00233.png 15 599 426 651 564
00233.png 15 519 426 570 568
00233.png 15 446 445 501 573
00233.png 15 335 472 390 569
00233.png 15 245 393 307 463
00233.png 15 2 446 36 569
00233.png 15 37 475 98 570
00233.png 15 42 442 82 494
00233.png 15 76 430 116 502
00233.png 15 117 449 168 567
00233.png 15 169 422 215 501
00233.png 15 183 375 213 438
00233.png 15 115 341 148 438
00233.png 15 170 348 209 392
00233.png 15 247 325 284 385
00233.png 15 259 370 275 399
00233.png 15 219 357 245 419
00233.png 15 167 346 205 384
00233.png 15 40 485 94 564
00233.png 15 273 523 332 573
00258.png 15 433 414 473 544
00258.png 15 661 392 695 524
00258.png 15 352 417 386 521
00258.png 15 339 454 373 538
00258.png 15 306 429 345 525
00258.png 15 3 472 57 570
00258.png 15 57 459 105 571
00258.png 15 178 494 237 558
00258.png 15 182 532 245 571
00258.png 15 70 442 117 501
00258.png 15 115 476 161 572
00258.png 15 209 268 250 346
00258.png 15 270 302 305 376
00258.png 15 184 336 214 426
00258.png 15 309 526 370 573
00295.png 15 567 380 611 502
00295.png 15 343 467 405 568
00295.png 15 437 413 476 553
00295.png 15 376 387 417 507
00295.png 15 264 357 315 440
00295.png 15 148 342 192 458
00295.png 15 241 254 270 327
00295.png 15 277 290 291 326
00295.png 15 278 308 300 367
00295.png 15 107 478 156 572
00295.png 15 64 454 107 566
00295.png 15 26 453 63 503
00295.png 15 4 476 53 570
00295.png 15 246 255 269 324
00304.png 15 515 379 557 502
00304.png 15 440 415 474 558
00304.png 15 351 374 400 496
00304.png 15 266 341 313 432
00304.png 15 249 396 292 456
00304.png 15 148 342 194 444
00304.png 15 112 478 161 572
00304.png 15 5 475 45 566
00304.png 15 34 454 74 516
00304.png 15 74 447 113 563
00304.png 15 315 496 378 568
00304.png 15 335 457 385 539
00304.png 15 317 444 345 486
00304.png 15 281 292 301 323
00304.png 15 281 318 317 358
00304.png 15 238 257 269 333
00319.png 15 508 382 549 495
00319.png 15 435 414 478 551
00319.png 15 322 473 385 564
00319.png 15 277 444 325 558
00319.png 15 273 427 297 514
00319.png 15 228 366 273 478
00319.png 15 152 340 177 450
00319.png 15 261 327 298 423
00319.png 15 278 287 304 338
00319.png 15 256 256 278 326
00319.png 15 345 341 385 454
00319.png 15 5 481 45 567
00319.png 15 24 444 67 533
00319.png 15 81 442 118 515
00324.png 15 524 381 561 490
00324.png 15 338 335 379 443
00324.png 15 433 415 475 554
00324.png 15 321 466 368 543
00324.png 15 365 510 425 578
00324.png 15 266 441 313 569
00324.png 15 80 443 114 527
00324.png 15 23 433 62 507
00324.png 15 63 493 88 556
00324.png 15 115 478 157 574
00324.png 15 5 477 44 567
00324.png 15 221 361 263 473
00324.png 15 151 339 174 422
00324.png 15 263 322 300 432
00324.png 15 258 258 284 326
00324.png 15 279 294 308 338
00339.png 15 345 283 380 335
00339.png 15 259 259 277 324
00339.png 15 150 339 183 443
00339.png 15 228 342 266 422
00339.png 15 309 326 339 418
00339.png 15 261 314 290 421
00339.png 15 285 305 308 366
00339.png 15 562 379 599 503
00339.png 15 414 417 466 560
00339.png 15 348 483 413 570
00339.png 15 288 450 343 571
00339.png 15 227 425 286 563
00339.png 15 85 444 125 510
00339.png 15 25 426 66 484
00368.png 15 609 384 660 468
00368.png 15 408 422 453 559
00368.png 15 284 458 319 572
00368.png 15 272 414 325 470
00368.png 15 246 385 282 446
00368.png 15 16 425 61 482
00368.png 15 153 340 178 447
00368.png 15 211 318 237 412
00368.png 15 245 305 273 378
00368.png 15 260 252 286 308
00368.png 15 290 292 313 321
00368.png 15 279 312 297 407
00368.png 15 4 482 49 566
00382.png 15 157 338 203 450
00382.png 15 415 420 455 562
00382.png 15 621 385 659 506
00382.png 15 280 392 318 466
00382.png 15 268 440 306 557
00382.png 15 5 478 53 571
00382.png 15 15 426 57 490
00382.png 15 53 449 100 574
00382.png 15 101 446 137 495
00382.png 15 153 495 214 574
00382.png 15 213 307 244 394
00382.png 15 252 310 281 362
00382.png 15 240 355 269 451
00382.png 15 266 358 299 414
00382.png 15 305 298 336 359
00382.png 15 277 290 300 341
00382.png 15 263 254 291 299
00382.png 15 269 357 300 412
00399.png 15 622 382 666 508
00399.png 15 409 421 451 560
00399.png 15 213 465 263 558
00399.png 15 114 438 153 568
00399.png 15 69 439 110 566
00399.png 15 46 420 74 545
00399.png 15 160 336 186 446
00399.png 15 281 365 310 486
00399.png 15 250 332 275 408
00399.png 15 246 307 276 340
00399.png 15 280 343 309 391
00399.png 15 325 283 349 365
00399.png 15 294 301 330 364
00399.png 15 273 251 302 319
00399.png 15 370 277 398 337
00465.png 15 632 379 678 487
00465.png 15 41 433 98 572
00465.png 15 115 410 159 454
00465.png 15 111 464 174 574
00465.png 15 156 338 182 398
00465.png 15 182 337 218 426
00465.png 15 262 338 306 430
00465.png 15 318 299 344 372
00465.png 15 280 254 302 309
00465.png 15 259 281 283 310
00465.png 15 226 320 262 420
00465.png 15 574 144 589 173
00465.png 15 406 422 452 562
00480.png 15 318 418 387 551
00480.png 15 173 455 222 577
00480.png 15 49 431 95 570
00480.png 15 106 412 154 450
00480.png 15 121 458 163 568
00480.png 15 154 339 182 395
00480.png 15 190 332 224 419
00480.png 15 227 314 258 413
00480.png 15 274 328 312 409
00480.png 15 318 300 345 363
00480.png 15 590 386 658 505
00480.png 15 263 280 287 306
00528.png 15 252 441 324 570
00528.png 15 185 430 232 524
00528.png 15 144 463 201 570
00528.png 15 82 410 138 565
00528.png 15 8 424 59 571
00528.png 15 174 334 204 404
00528.png 15 152 342 178 398
00528.png 15 232 310 262 406
00528.png 15 331 300 354 384
00528.png 15 303 292 328 359
00528.png 15 275 253 305 306
00573.png 15 154 342 177 390
00573.png 15 174 330 201 403
00573.png 15 246 406 305 500
00573.png 15 16 428 60 567
00573.png 15 69 414 109 567
00573.png 15 120 467 158 554
00573.png 15 160 467 196 567
00573.png 15 282 258 303 294
00573.png 15 324 304 356 356
00573.png 15 218 310 251 402
00627.png 15 63 468 128 571
00627.png 15 180 467 232 573
00627.png 15 66 423 118 474
00627.png 15 159 346 180 402
00627.png 15 171 332 198 406
00627.png 15 250 328 286 424
00627.png 15 297 318 316 372
00627.png 15 319 302 355 356
00627.png 15 279 254 306 293
00627.png 15 230 313 259 356
00657.png 15 46 450 113 570
00657.png 15 192 498 242 573
00657.png 15 299 478 354 573
00657.png 15 382 497 450 569
00657.png 15 154 347 194 410
00657.png 15 184 334 203 398
00657.png 15 242 339 277 437
00657.png 15 322 301 345 395
00657.png 15 273 255 301 290
00667.png 15 157 343 184 403
00667.png 15 181 328 205 403
00667.png 15 28 443 93 574
00667.png 15 249 495 292 573
00667.png 15 325 483 373 573
00667.png 15 385 499 451 575
00667.png 15 226 350 267 445
00667.png 15 321 299 351 345
00667.png 15 225 270 264 333
00709.png 15 154 345 182 409
00709.png 15 170 332 190 389
00709.png 15 346 502 406 572
00709.png 15 332 489 364 528
00709.png 15 235 337 282 395
00709.png 15 290 294 314 366
00709.png 15 326 303 354 351
00735.png 15 58 420 107 565
00735.png 15 153 348 182 397
00735.png 15 344 499 404 573
00735.png 15 235 315 274 408
00735.png 15 202 294 226 351
00735.png 15 290 293 317 348
00735.png 15 324 301 343 332
00735.png 15 305 322 339 376
00788.png 15 479 446 538 568
00788.png 15 408 485 472 578
00788.png 15 348 492 404 575
00788.png 15 303 481 346 575
00788.png 15 12 465 79 570
00788.png 15 146 350 176 418
00788.png 15 148 337 181 390
00788.png 15 228 315 264 415
00788.png 15 278 297 301 356
00788.png 15 297 321 325 382
00788.png 15 314 296 335 336
00788.png 15 190 296 212 365
00866.png 15 495 444 549 563
00866.png 15 403 472 470 573
00866.png 15 312 480 394 571
00866.png 15 138 347 172 396
00866.png 15 135 326 167 363
00866.png 15 213 307 255 391
00866.png 15 256 284 280 359
00866.png 15 289 297 319 399
00866.png 15 330 278 357 327
00866.png 15 229 254 255 298
00922.png 15 244 293 278 391
00922.png 15 143 318 170 359
00922.png 15 169 274 198 337
00922.png 15 198 286 229 366
00922.png 15 24 482 71 572
00922.png 15 3 469 28 545
00922.png 15 259 497 310 576
00922.png 15 304 521 370 569
00922.png 15 502 440 551 572
00922.png 15 321 265 345 315
00922.png 15 281 292 299 350
00922.png 15 229 238 255 278
00937.png 15 47 429 102 563
00937.png 15 266 505 302 577
00937.png 15 306 520 360 573
00937.png 15 498 441 556 571
00937.png 15 142 304 168 363
00937.png 15 174 272 198 329
00937.png 15 206 277 236 361
00937.png 15 242 287 273 382
00937.png 15 276 280 294 333
00937.png 15 322 261 342 303
00937.png 15 241 238 261 284
00969.png 15 127 428 190 571
00969.png 15 259 513 315 574
00969.png 15 265 517 290 572
00969.png 15 318 518 361 572
00969.png 15 534 445 578 570
00969.png 15 620 475 674 573
00969.png 15 142 285 166 331
00969.png 15 164 288 184 375
00969.png 15 182 259 202 301
00969.png 15 207 268 232 347
00969.png 15 237 281 258 360
00969.png 15 245 229 266 265
00001.png 15 352 421 409 570
00001.png 15 47 326 75 361
00001.png 15 55 357 89 461
00001.png 15 110 419 164 564
00001.png 15 85 328 117 404
00001.png 15 59 292 77 333
00001.png 15 157 292 189 341
00001.png 15 196 328 230 429
00011.png 15 357 422 405 571
00011.png 15 35 433 101 568
00011.png 15 238 516 303 570
00011.png 15 56 351 90 449
00011.png 15 79 352 116 442
00011.png 15 109 336 137 410
00011.png 15 206 337 241 424
00011.png 15 141 306 158 375
00011.png 15 44 304 74 333
00011.png 15 73 294 89 326
00017.png 15 9 431 60 569
00017.png 15 352 421 408 565
00017.png 15 257 502 319 570
00017.png 15 179 422 253 527
00017.png 15 671 420 689 540
00017.png 15 198 333 227 380
00017.png 15 170 347 201 390
00017.png 15 126 334 159 430
00017.png 15 61 349 87 458
00017.png 15 88 323 117 350
00017.png 15 90 352 123 425
00017.png 15 49 326 79 352
00017.png 15 55 306 78 323
00017.png 15 76 294 91 321
00028.png 15 353 422 405 570
00028.png 15 290 485 351 576
00028.png 15 7 449 64 570
00028.png 15 166 366 207 420
00028.png 15 154 337 197 380
00028.png 15 93 325 127 354
00028.png 15 97 358 133 412
00028.png 15 60 352 96 461
00028.png 15 58 306 84 337
00028.png 15 59 329 73 355
00028.png 15 201 345 233 419
00058.png 15 359 423 406 566
00058.png 15 302 454 353 566
00058.png 15 186 423 246 546
00058.png 15 46 462 88 567
00058.png 15 21 504 48 573
00058.png 15 1 452 47 516
00058.png 15 153 375 188 484
00058.png 15 193 376 238 438
00058.png 15 193 338 224 386
00058.png 15 100 344 122 418
00058.png 15 65 348 100 454
00058.png 15 62 314 93 337
00058.png 15 114 306 135 330
00058.png 15 93 311 111 341
00058.png 15 73 330 94 354
00078.png 15 87 442 142 571
00078.png 15 20 502 49 573
00078.png 15 183 453 221 564
00078.png 15 225 505 277 576
00078.png 15 277 429 338 567
00078.png 15 352 423 409 570
00078.png 15 465 474 530 567
00078.png 15 493 508 523 558
00078.png 15 233 367 269 489
00078.png 15 237 379 257 420
00078.png 15 191 407 229 460
00078.png 15 156 396 189 508
00078.png 15 76 348 108 445
00078.png 15 125 327 154 374
00078.png 15 76 315 103 354
00078.png 15 104 317 125 391
00078.png 15 126 325 157 374
00078.png 15 162 301 185 375
00098.png 15 129 489 186 574
00098.png 15 205 480 249 571
00098.png 15 43 491 81 568
00098.png 15 2 447 37 570
00098.png 15 351 423 409 566
00098.png 15 455 447 511 568
00098.png 15 608 429 639 567
00098.png 15 301 414 346 550
00098.png 15 253 412 293 544
00098.png 15 223 378 259 478
00098.png 15 173 430 221 539
00098.png 15 160 376 201 442
00098.png 15 79 346 107 446
00098.png 15 107 345 132 414
00098.png 15 145 334 179 379
00098.png 15 168 300 195 349
00098.png 15 93 321 113 350
00098.png 15 125 322 144 374
00148.png 15 506 446 573 567
00148.png 15 329 413 385 562
00148.png 15 282 401 316 523
00148.png 15 262 354 289 436
00148.png 15 4 441 44 564
00148.png 15 89 482 125 559
00148.png 15 118 440 155 566
00148.png 15 170 465 225 571
00148.png 15 203 454 237 505
00148.png 15 97 346 119 446
00148.png 15 129 342 157 395
00148.png 15 158 365 186 434
00148.png 15 114 325 137 386
00148.png 15 188 302 221 347
00148.png 15 158 324 181 362
00148.png 15 228 340 256 436
00148.png 15 137 316 156 339
00148.png 15 114 439 156 562
00148.png 15 130 422 159 470
00233.png 15 599 426 651 564
00233.png 15 519 426 570 568
00233.png 15 446 445 501 573
00233.png 15 335 472 390 569
00233.png 15 245 393 307 463
00233.png 15 2 446 36 569
00233.png 15 37 475 98 570
00233.png 15 42 442 82 494
00233.png 15 76 430 116 502
00233.png 15 117 449 168 567
00233.png 15 169 422 215 501
00233.png 15 183 375 213 438
00233.png 15 115 341 148 438
00233.png 15 170 348 209 392
00233.png 15 247 325 284 385
00233.png 15 259 370 275 399
00233.png 15 219 357 245 419
00233.png 15 167 346 205 384
00233.png 15 40 485 94 564
00233.png 15 273 523 332 573
00258.png 15 433 414 473 544
00258.png 15 661 392 695 524
00258.png 15 352 417 386 521
00258.png 15 339 454 373 538
00258.png 15 306 429 345 525
00258.png 15 3 472 57 570
00258.png 15 57 459 105 571
00258.png 15 178 494 237 558
00258.png 15 182 532 245 571
00258.png 15 70 442 117 501
00258.png 15 115 476 161 572
00258.png 15 209 268 250 346
00258.png 15 270 302 305 376
00258.png 15 184 336 214 426
00258.png 15 309 526 370 573
00295.png 15 567 380 611 502
00295.png 15 343 467 405 568
00295.png 15 437 413 476 553
00295.png 15 376 387 417 507
00295.png 15 264 357 315 440
00295.png 15 148 342 192 458
00295.png 15 241 254 270 327
00295.png 15 277 290 291 326
00295.png 15 278 308 300 367
00295.png 15 107 478 156 572
00295.png 15 64 454 107 566
00295.png 15 26 453 63 503
00295.png 15 4 476 53 570
00295.png 15 246 255 269 324
00304.png 15 515 379 557 502
00304.png 15 440 415 474 558
00304.png 15 351 374 400 496
00304.png 15 266 341 313 432
00304.png 15 249 396 292 456
00304.png 15 148 342 194 444
00304.png 15 112 478 161 572
00304.png 15 5 475 45 566
00304.png 15 34 454 74 516
00304.png 15 74 447 113 563
00304.png 15 315 496 378 568
00304.png 15 335 457 385 539
00304.png 15 317 444 345 486
00304.png 15 281 292 301 323
00304.png 15 281 318 317 358
00304.png 15 238 257 269 333
00319.png 15 508 382 549 495
00319.png 15 435 414 478 551
00319.png 15 322 473 385 564
00319.png 15 277 444 325 558
00319.png 15 273 427 297 514
00319.png 15 228 366 273 478
00319.png 15 152 340 177 450
00319.png 15 261 327 298 423
00319.png 15 278 287 304 338
00319.png 15 256 256 278 326
00319.png 15 345 341 385 454
00319.png 15 5 481 45 567
00319.png 15 24 444 67 533
00319.png 15 81 442 118 515
00324.png 15 524 381 561 490
00324.png 15 338 335 379 443
00324.png 15 433 415 475 554
00324.png 15 321 466 368 543
00324.png 15 365 510 425 578
00324.png 15 266 441 313 569
00324.png 15 80 443 114 527
00324.png 15 23 433 62 507
00324.png 15 63 493 88 556
00324.png 15 115 478 157 574
00324.png 15 5 477 44 567
00324.png 15 221 361 263 473
00324.png 15 151 339 174 422
00324.png 15 263 322 300 432
00324.png 15 258 258 284 326
00324.png 15 279 294 308 338
00339.png 15 345 283 380 335
00339.png 15 259 259 277 324
00339.png 15 150 339 183 443
00339.png 15 228 342 266 422
00339.png 15 309 326 339 418
00339.png 15 261 314 290 421
00339.png 15 285 305 308 366
00339.png 15 562 379 599 503
00339.png 15 414 417 466 560
00339.png 15 348 483 413 570
00339.png 15 288 450 343 571
00339.png 15 227 425 286 563
00339.png 15 85 444 125 510
00339.png 15 25 426 66 484
00368.png 15 609 384 660 468
00368.png 15 408 422 453 559
00368.png 15 284 458 319 572
00368.png 15 272 414 325 470
00368.png 15 246 385 282 446
00368.png 15 16 425 61 482
00368.png 15 153 340 178 447
00368.png 15 211 318 237 412
00368.png 15 245 305 273 378
00368.png 15 260 252 286 308
00368.png 15 290 292 313 321
00368.png 15 279 312 297 407
00368.png 15 4 482 49 566
00382.png 15 157 338 203 450
00382.png 15 415 420 455 562
00382.png 15 621 385 659 506
00382.png 15 280 392 318 466
00382.png 15 268 440 306 557
00382.png 15 5 478 53 571
00382.png 15 15 426 57 490
00382.png 15 53 449 100 574
00382.png 15 101 446 137 495
00382.png 15 153 495 214 574
00382.png 15 213 307 244 394
00382.png 15 252 310 281 362
00382.png 15 240 355 269 451
00382.png 15 266 358 299 414
00382.png 15 305 298 336 359
00382.png 15 277 290 300 341
00382.png 15 263 254 291 299
00382.png 15 269 357 300 412
00399.png 15 622 382 666 508
00399.png 15 409 421 451 560
00399.png 15 213 465 263 558
00399.png 15 114 438 153 568
00399.png 15 69 439 110 566
00399.png 15 46 420 74 545
00399.png 15 160 336 186 446
00399.png 15 281 365 310 486
00399.png 15 250 332 275 408
00399.png 15 246 307 276 340
00399.png 15 280 343 309 391
00399.png 15 325 283 349 365
00399.png 15 294 301 330 364
00399.png 15 273 251 302 319
00399.png 15 370 277 398 337
00465.png 15 632 379 678 487
00465.png 15 41 433 98 572
00465.png 15 115 410 159 454
00465.png 15 111 464 174 574
00465.png 15 156 338 182 398
00465.png 15 182 337 218 426
00465.png 15 262 338 306 430
00465.png 15 318 299 344 372
00465.png 15 280 254 302 309
00465.png 15 259 281 283 310
00465.png 15 226 320 262 420
00465.png 15 574 144 589 173
00465.png 15 406 422 452 562
00480.png 15 318 418 387 551
00480.png 15 173 455 222 577
00480.png 15 49 431 95 570
00480.png 15 106 412 154 450
00480.png 15 121 458 163 568
00480.png 15 154 339 182 395
00480.png 15 190 332 224 419
00480.png 15 227 314 258 413
00480.png 15 274 328 312 409
00480.png 15 318 300 345 363
00480.png 15 590 386 658 505
00480.png 15 263 280 287 306
00528.png 15 252 441 324 570
00528.png 15 185 430 232 524
00528.png 15 144 463 201 570
00528.png 15 82 410 138 565
00528.png 15 8 424 59 571
00528.png 15 174 334 204 404
00528.png 15 152 342 178 398
00528.png 15 232 310 262 406
00528.png 15 331 300 354 384
00528.png 15 303 292 328 359
00528.png 15 275 253 305 306
00573.png 15 154 342 177 390
00573.png 15 174 330 201 403
00573.png 15 246 406 305 500
00573.png 15 16 428 60 567
00573.png 15 69 414 109 567
00573.png 15 120 467 158 554
00573.png 15 160 467 196 567
00573.png 15 282 258 303 294
00573.png 15 324 304 356 356
00573.png 15 218 310 251 402
00627.png 15 63 468 128 571
00627.png 15 180 467 232 573
00627.png 15 66 423 118 474
00627.png 15 159 346 180 402
00627.png 15 171 332 198 406
00627.png 15 250 328 286 424
00627.png 15 297 318 316 372
00627.png 15 319 302 355 356
00627.png 15 279 254 306 293
00627.png 15 230 313 259 356
00657.png 15 46 450 113 570
00657.png 15 192 498 242 573
00657.png 15 299 478 354 573
00657.png 15 382 497 450 569
00657.png 15 154 347 194 410
00657.png 15 184 334 203 398
00657.png 15 242 339 277 437
00657.png 15 322 301 345 395
00657.png 15 273 255 301 290
00667.png 15 157 343 184 403
00667.png 15 181 328 205 403
00667.png 15 28 443 93 574
00667.png 15 249 495 292 573
00667.png 15 325 483 373 573
00667.png 15 385 499 451 575
00667.png 15 226 350 267 445
00667.png 15 321 299 351 345
00667.png 15 225 270 264 333
00709.png 15 154 345 182 409
00709.png 15 170 332 190 389
00709.png 15 346 502 406 572
00709.png 15 332 489 364 528
00709.png 15 235 337 282 395
00709.png 15 290 294 314 366
00709.png 15 326 303 354 351
00735.png 15 58 420 107 565
00735.png 15 153 348 182 397
00735.png 15 344 499 404 573
00735.png 15 235 315 274 408
00735.png 15 202 294 226 351
00735.png 15 290 293 317 348
00735.png 15 324 301 343 332
00735.png 15 305 322 339 376
00788.png 15 479 446 538 568
00788.png 15 408 485 472 578
00788.png 15 348 492 404 575
00788.png 15 303 481 346 575
00788.png 15 12 465 79 570
00788.png 15 146 350 176 418
00788.png 15 148 337 181 390
00788.png 15 228 315 264 415
00788.png 15 278 297 301 356
00788.png 15 297 321 325 382
00788.png 15 314 296 335 336
00788.png 15 190 296 212 365
00866.png 15 495 444 549 563
00866.png 15 403 472 470 573
00866.png 15 312 480 394 571
00866.png 15 138 347 172 396
00866.png 15 135 326 167 363
00866.png 15 213 307 255 391
00866.png 15 256 284 280 359
00866.png 15 289 297 319 399
00866.png 15 330 278 357 327
00866.png 15 229 254 255 298
00922.png 15 244 293 278 391
00922.png 15 143 318 170 359
00922.png 15 169 274 198 337
00922.png 15 198 286 229 366
00922.png 15 24 482 71 572
00922.png 15 3 469 28 545
00922.png 15 259 497 310 576
00922.png 15 304 521 370 569
00922.png 15 502 440 551 572
00922.png 15 321 265 345 315
00922.png 15 281 292 299 350
00922.png 15 229 238 255 278
00937.png 15 47 429 102 563
00937.png 15 266 505 302 577
00937.png 15 306 520 360 573
00937.png 15 498 441 556 571
00937.png 15 142 304 168 363
00937.png 15 174 272 198 329
00937.png 15 206 277 236 361
00937.png 15 242 287 273 382
00937.png 15 276 280 294 333
00937.png 15 322 261 342 303
00937.png 15 241 238 261 284
00969.png 15 127 428 190 571
00969.png 15 259 513 315 574
00969.png 15 265 517 290 572
00969.png 15 318 518 361 572
00969.png 15 534 445 578 570
00969.png 15 620 475 674 573
00969.png 15 142 285 166 331
00969.png 15 164 288 184 375
00969.png 15 182 259 202 301
00969.png 15 207 268 232 347
00969.png 15 237 281 258 360
00969.png 15 245 229 266 265
00980.png 15 171 101 206 180
00980.png 15 246 141 284 228
00980.png 15 229 134 254 198
00980.png 15 309 177 351 285
00980.png 15 438 178 470 275
00980.png 15 421 152 446 218
00981.png 15 333 189 373 302
00981.png 15 397 235 424 297
00981.png 15 609 245 652 373
00981.png 15 272 164 314 276
00981.png 15 193 171 229 273
00981.png 15 146 138 167 184
00981.png 15 116 127 144 204
00981.png 15 34 139 64 218
00982.png 15 358 186 393 260
00982.png 15 236 166 280 272
00982.png 15 116 129 147 222
00982.png 15 142 138 170 186
00982.png 15 6 164 37 249
00982.png 15 38 122 70 200
00995.png 15 330 126 368 229
00995.png 15 270 91 306 192
00995.png 15 242 107 267 174
00995.png 15 222 101 244 164
00995.png 15 194 94 218 152
00995.png 15 153 110 182 174
01006.png 15 622 239 669 374
01006.png 15 352 146 391 250
01006.png 15 242 110 267 189
01006.png 15 215 135 238 192
01006.png 15 157 107 187 161
01006.png 15 196 88 219 155
01011.png 15 570 291 610 379
01011.png 15 431 190 472 301
01011.png 15 367 191 405 302
01011.png 15 105 126 161 210
01011.png 15 133 143 156 202
01023.png 15 401 219 433 302
01023.png 15 370 202 395 261
01023.png 15 348 189 370 251
01023.png 15 314 178 343 233
01033.png 15 584 316 622 410
01033.png 15 562 228 586 302
01034.png 15 665 250 691 329
01034.png 15 569 355 614 455
01034.png 15 553 211 575 297
01035.png 15 601 381 634 490
01035.png 15 560 290 592 382
01035.png 15 570 271 602 334
01035.png 15 490 246 518 324
01035.png 15 518 247 552 321
01037.png 15 505 282 532 364
01037.png 15 531 314 552 361
01037.png 15 394 258 429 338
01037.png 15 276 214 302 286
01037.png 15 379 203 396 270
01037.png 15 356 206 379 258
01040.png 15 32 406 68 479
01040.png 15 222 356 242 432
01040.png 15 383 341 407 402
01041.png 15 111 374 136 457
01041.png 15 480 367 503 426
01041.png 15 550 354 577 420
01042.png 15 29 414 69 510
01042.png 15 532 366 557 436
01042.png 15 640 391 668 441
01043.png 15 603 373 630 441
01043.png 15 656 398 686 447
01044.png 15 522 226 555 307
01044.png 15 382 220 412 286
01044.png 15 474 193 499 253
01045.png 15 613 366 676 474
01045.png 15 522 229 558 307
01045.png 15 474 194 502 250
01045.png 15 387 221 412 288
01046.png 15 512 322 559 421
01046.png 15 600 359 632 460
01046.png 15 522 230 558 305
01046.png 15 391 222 413 287
01046.png 15 478 193 504 248
01047.png 15 486 295 528 383
01047.png 15 454 260 488 342
01047.png 15 523 233 569 301
01047.png 15 478 195 508 250
01047.png 15 386 222 409 287
01048.png 15 480 265 518 346
01048.png 15 437 255 473 333
01048.png 15 475 196 508 250
01048.png 15 376 220 396 269
01053.png 15 593 377 640 482
01053.png 15 568 339 598 437
01053.png 15 554 313 582 358
01053.png 15 570 259 596 318
01053.png 15 437 250 473 322
01054.png 15 523 230 544 302
01054.png 15 489 234 512 285
01054.png 15 470 233 486 309
01054.png 15 516 206 540 243
01055.png 15 410 345 434 403
01055.png 15 240 325 262 373
01064.png 15 482 406 520 507
01064.png 15 252 342 282 402
01064.png 15 278 313 300 364
01064.png 15 383 359 410 406
01067.png 15 296 213 318 278
01067.png 15 254 204 286 266
01067.png 15 224 202 251 254
01070.png 15 286 282 323 368
01070.png 15 222 268 261 336
01070.png 15 189 257 218 325
01074.png 15 244 332 296 431
01076.png 15 474 453 531 569
01081.png 15 499 472 535 574
01081.png 15 241 326 282 399
01082.png 15 314 409 358 522
01082.png 15 198 340 251 426
01082.png 15 572 438 618 570
01083.png 15 525 440 569 566
01083.png 15 357 397 402 514
01083.png 15 306 362 333 452
01083.png 15 294 357 312 406
01083.png 15 219 328 272 409
01084.png 15 350 398 390 506
01084.png 15 335 344 366 438
01084.png 15 320 336 343 409
01084.png 15 306 342 325 392
01084.png 15 225 318 279 402
01085.png 15 242 313 289 400
01085.png 15 296 354 334 452
01085.png 15 361 319 385 410
01085.png 15 346 315 366 390
01086.png 15 370 312 401 406
01086.png 15 357 313 374 391
01086.png 15 329 339 354 390
01086.png 15 261 316 303 395
01086.png 15 231 331 263 416
01087.png 15 262 306 310 392
01087.png 15 309 297 337 388
01087.png 15 336 338 363 386
01087.png 15 364 315 389 392
01142.png 15 414 258 452 314
01144.png 15 182 256 219 375
01145.png 15 199 251 228 362
01145.png 15 241 246 274 346
01146.png 15 356 344 398 442
01147.png 15 297 336 342 457
01147.png 15 340 378 359 441
01147.png 15 25 259 59 354
01147.png 15 63 266 85 311
01148.png 15 486 180 530 253
01148.png 15 558 177 586 237
01148.png 15 589 157 616 196
01149.png 15 432 192 474 277
01149.png 15 490 194 526 266
01149.png 15 532 168 562 214
01155.png 15 194 406 250 511
01155.png 15 310 217 352 302
01155.png 15 349 210 387 294
01156.png 15 346 214 374 301
01156.png 15 299 223 350 314
01157.png 15 304 234 346 316
01158.png 15 239 340 291 467
01178.png 15 98 138 123 193
01178.png 15 65 145 94 206
01178.png 15 31 143 58 202
01554.png 15 565 434 589 478
01554.png 15 537 426 560 474
01585.png 15 642 302 682 407
01585.png 15 602 277 634 365
01585.png 15 593 226 617 290
01587.png 15 590 294 630 381
01587.png 15 654 319 686 424
01587.png 15 578 228 610 296
01593.png 15 542 219 571 299
01593.png 15 642 243 678 327
01593.png 15 572 362 612 470
01611.png 15 609 378 647 489
01611.png 15 550 286 582 372
01611.png 15 565 266 593 326
01611.png 15 490 247 518 325
01611.png 15 512 244 544 322
01631.png 15 526 278 555 365
01631.png 15 547 269 578 351
01631.png 15 447 202 478 265
01631.png 15 382 218 410 278
01631.png 15 429 269 454 339
01636.png 15 512 252 542 339
01636.png 15 478 262 513 343
01636.png 15 422 257 454 346
01636.png 15 444 198 465 265
01655.png 15 538 305 574 407
01655.png 15 387 263 432 344
01655.png 15 386 204 411 271
01655.png 15 356 205 386 266
01655.png 15 282 211 313 280
01658.png 15 506 281 535 364
01658.png 15 378 205 398 271
01658.png 15 353 203 375 258
01658.png 15 276 213 303 274
01658.png 15 390 260 424 343
01707.png 15 561 317 598 411
01707.png 15 464 287 498 377
01707.png 15 397 237 429 315
01707.png 15 278 212 302 283
01707.png 15 226 223 253 274
01707.png 15 186 231 218 285
01759.png 15 86 394 126 462
01759.png 15 289 357 315 431
01759.png 15 337 344 366 411
01769.png 15 193 360 222 432
01769.png 15 387 370 417 430
01769.png 15 490 352 511 412
01809.png 15 528 374 551 446
01809.png 15 666 406 692 462
01850.png 15 409 432 473 570
01850.png 15 348 401 417 571
01902.png 15 620 361 661 465
01902.png 15 529 333 568 434
01902.png 15 526 231 563 306
01902.png 15 476 193 506 250
01902.png 15 390 219 417 288
01929.png 15 566 346 598 446
01929.png 15 498 302 533 394
01929.png 15 526 231 562 304
01929.png 15 388 219 418 282
01963.png 15 505 309 538 402
01963.png 15 472 268 505 358
01963.png 15 389 221 416 284
01963.png 15 524 234 566 306
02057.png 15 557 370 592 438
02057.png 15 296 306 324 358
02069.png 15 437 348 474 431
02069.png 15 401 326 430 410
02069.png 15 366 267 388 334
02073.png 15 601 434 638 541
02073.png 15 490 430 554 537
02073.png 15 446 412 477 475
02073.png 15 329 347 370 429
02073.png 15 292 335 328 416
02074.png 15 351 380 386 461
02074.png 15 383 365 417 443
02074.png 15 330 357 356 431
02076.png 15 418 395 460 496
02076.png 15 467 434 499 506
02084.png 15 466 370 494 450
02085.png 15 448 373 478 458
02086.png 15 450 346 481 425
02087.png 15 392 283 415 352
02089.png 15 178 216 198 259
02089.png 15 151 203 174 257
02095.png 15 295 238 318 290
02097.png 15 440 250 466 305
02161.png 15 396 438 437 542
02161.png 15 238 382 273 474
02161.png 15 261 334 298 382
02162.png 15 457 481 514 572
02162.png 15 246 336 292 421
02172.png 15 236 341 287 429
02173.png 15 214 333 269 416
02174.png 15 156 322 194 406
02175.png 15 132 322 166 393
02183.png 15 188 323 222 397
02186.png 15 213 321 250 402
02189.png 15 249 320 281 399
02190.png 15 240 322 279 400
02190.png 15 497 473 535 570
02198.png 15 486 423 527 560
02198.png 15 297 385 331 485
02198.png 15 202 338 257 436
02198.png 15 654 454 694 570
02203.png 15 422 434 468 550
02203.png 15 340 358 378 474
02203.png 15 318 341 344 427
02203.png 15 294 342 315 398
02203.png 15 226 317 278 408
02213.png 15 368 314 391 406
02213.png 15 347 315 370 390
02213.png 15 319 344 344 390
02213.png 15 283 346 320 442
02213.png 15 241 314 286 393
02214.png 15 4 437 57 575
02214.png 15 251 313 287 395
02214.png 15 284 344 318 444
02214.png 15 319 341 343 394
02214.png 15 345 314 368 394
02214.png 15 368 318 395 406
02441.png 15 216 309 253 399
02441.png 15 149 313 190 378
02441.png 15 98 306 136 383
02643.png 15 523 382 573 482
02643.png 15 597 360 642 446
02643.png 15 315 272 348 345
02665.png 15 542 346 595 431
02683.png 15 357 269 396 340
02731.png 15 625 349 673 446
02832.png 15 277 224 320 322
02832.png 15 604 350 653 486
02832.png 15 180 224 225 294
02832.png 15 136 246 181 321
02832.png 15 14 243 50 300
00319.png 15 511 382 548 499
00324.png 15 526 380 561 482
00001.png 15 354 420 407 568
00001.png 15 44 328 73 372
00001.png 15 48 358 94 463
00001.png 15 109 419 161 565
00001.png 15 199 331 232 466
